
tt
         [,1]   [,2]
       -1.225 60.733
lonLat  4.500 58.200


tmp
     Quarter Country Year Month Day HaulDur StatRec DataType                   haul.id    lon    lat
6226       1     SCO 2018     1  27      18    50E8        R 2018:1:SCO:SCO3:GOV:23:23 -1.225 60.733
     Roundfish  originalIdAtThisLocation
6226         1 2018:1:SCO:SCO3:GOV:23:23



ALK
                        ID Length 0     1     2     3     4     5     6
1  2018:1:NOR:58G2:GOV:60046:42     15 0 0.990 0.010 0.000 0.000 0.000 0.000
2                             0     16 0 0.983 0.017 0.000 0.000 0.000 0.000
3                             0     17 0 0.971 0.029 0.000 0.000 0.000 0.000
4                             0     18 0 0.949 0.051 0.000 0.000 0.000 0.000
5                             0     19 0 0.908 0.091 0.000 0.000 0.000 0.000
6                             0     20 0 0.835 0.165 0.000 0.000 0.000 0.000
7                             0     21 0 0.712 0.287 0.000 0.000 0.000 0.000
8                             0     22 0 0.541 0.459 0.000 0.001 0.000 0.000
9                             0     23 0 0.356 0.643 0.000 0.001 0.000 0.000
10                            0     24 0 0.207 0.792 0.000 0.001 0.000 0.000
11                            0     25 0 0.112 0.887 0.000 0.000 0.000 0.000
12                            0     26 0 0.059 0.940 0.000 0.000 0.000 0.000
13                            0     27 0 0.032 0.967 0.000 0.000 0.000 0.000
14                            0     28 0 0.018 0.981 0.001 0.000 0.000 0.000
15                            0     29 0 0.011 0.987 0.002 0.000 0.000 0.000
16                            0     30 0 0.007 0.989 0.004 0.000 0.000 0.000
17                            0     31 0 0.004 0.988 0.008 0.000 0.000 0.000
18                            0     32 0 0.003 0.984 0.013 0.000 0.000 0.000
19                            0     33 0 0.002 0.978 0.020 0.000 0.000 0.000
20                            0     34 0 0.001 0.970 0.028 0.000 0.000 0.000
21                            0     35 0 0.001 0.962 0.037 0.001 0.000 0.000
22                            0     36 0 0.001 0.954 0.045 0.001 0.000 0.000
23                            0     37 0 0.001 0.945 0.053 0.001 0.000 0.000
24                            0     38 0 0.001 0.937 0.062 0.001 0.000 0.000
25                            0     39 0 0.000 0.927 0.071 0.001 0.000 0.000
26                            0     40 0 0.000 0.915 0.083 0.002 0.000 0.000
27                            0     41 0 0.000 0.898 0.099 0.003 0.000 0.001
28                            0     42 0 0.000 0.874 0.120 0.005 0.000 0.001
29                            0     43 0 0.000 0.842 0.149 0.008 0.000 0.001
30                            0     44 0 0.000 0.797 0.188 0.014 0.000 0.001
31                            0     45 0 0.000 0.735 0.240 0.024 0.000 0.001
32                            0     46 0 0.000 0.650 0.307 0.041 0.000 0.001
33                            0     47 0 0.000 0.542 0.386 0.069 0.001 0.002
34                            0     48 0 0.000 0.416 0.470 0.111 0.001 0.003
35                            0     49 0 0.000 0.287 0.542 0.166 0.001 0.003
36                            0     50 0 0.000 0.177 0.586 0.230 0.002 0.004
37                            0     51 0 0.000 0.099 0.598 0.296 0.003 0.004
38                            0     52 0 0.000 0.051 0.583 0.357 0.004 0.005
39                            0     53 0 0.000 0.025 0.551 0.414 0.005 0.006
40                            0     54 0 0.000 0.011 0.510 0.466 0.006 0.006
41                            0     55 0 0.000 0.005 0.467 0.513 0.008 0.007
42                            0     56 0 0.000 0.002 0.424 0.556 0.010 0.007
43                            0     57 0 0.000 0.001 0.383 0.595 0.013 0.008
44                            0     58 0 0.000 0.000 0.343 0.631 0.016 0.010
45                            0     59 0 0.000 0.000 0.306 0.663 0.020 0.011
46                            0     60 0 0.000 0.000 0.272 0.691 0.024 0.013
47                            0     61 0 0.000 0.000 0.240 0.716 0.030 0.015
48                            0     62 0 0.000 0.000 0.210 0.736 0.037 0.017
49                            0     63 0 0.000 0.000 0.182 0.752 0.044 0.021
50                            0     64 0 0.000 0.000 0.158 0.764 0.054 0.025
51                            0     65 0 0.000 0.000 0.135 0.770 0.064 0.030
52                            0     66 0 0.000 0.000 0.115 0.771 0.077 0.037
53                            0     67 0 0.000 0.000 0.098 0.766 0.091 0.045
54                            0     68 0 0.000 0.000 0.082 0.755 0.108 0.055
55                            0     69 0 0.000 0.000 0.068 0.738 0.127 0.068
56                            0     70 0 0.000 0.000 0.056 0.713 0.147 0.083
57                            0     71 0 0.000 0.000 0.046 0.682 0.170 0.102
58                            0     72 0 0.000 0.000 0.037 0.645 0.194 0.124
59                            0     73 0 0.000 0.000 0.029 0.602 0.219 0.150
60                            0     74 0 0.000 0.000 0.023 0.555 0.242 0.180
61                            0     75 0 0.000 0.000 0.018 0.505 0.264 0.213
62                            0     76 0 0.000 0.000 0.014 0.454 0.283 0.249
63                            0     77 0 0.000 0.000 0.011 0.404 0.298 0.288
64                            0     78 0 0.000 0.000 0.008 0.356 0.308 0.328
65                            0     79 0 0.000 0.000 0.006 0.311 0.313 0.370
66                            0     80 0 0.000 0.000 0.005 0.271 0.313 0.411
67                            0     81 0 0.000 0.000 0.003 0.236 0.309 0.452
68                            0     82 0 0.000 0.000 0.003 0.205 0.300 0.492
69                            0     83 0 0.000 0.000 0.002 0.179 0.288 0.530
70                            0     84 0 0.000 0.000 0.002 0.157 0.274 0.567
71                            0     85 0 0.000 0.000 0.001 0.138 0.258 0.603
72                            0     86 0 0.000 0.000 0.001 0.121 0.241 0.637
73                            0     87 0 0.000 0.000 0.001 0.107 0.224 0.669
74                            0     88 0 0.000 0.000 0.001 0.094 0.207 0.699
75                            0     89 0 0.000 0.000 0.000 0.083 0.190 0.727
76                            0     90 0 0.000 0.000 0.000 0.072 0.173 0.754