
tmp
     Quarter Country Year Month Day HaulDur StatRec DataType                   haul.id    lon    lat
6226       1     SCO 2018     1  27      18    50E8        R 2018:1:SCO:SCO3:GOV:23:23 -1.225 60.733
     Roundfish  originalIdAtThisLocation
6226         1 2018:1:SCO:SCO3:GOV:23:23


tt
         [,1]   [,2]
       -1.225 60.733
lonLat -1.500 59.270




alk
                          ID Length 0     1     2     3     4     5     6
1  2018:1:SCO:SCO3:GOV:46:46     15 0 0.993 0.007 0.000 0.000 0.000 0.000
2                          0     16 0 0.989 0.011 0.000 0.000 0.000 0.000
3                          0     17 0 0.981 0.019 0.000 0.000 0.000 0.000
4                          0     18 0 0.966 0.034 0.000 0.000 0.000 0.000
5                          0     19 0 0.939 0.061 0.000 0.000 0.000 0.000
6                          0     20 0 0.887 0.113 0.000 0.000 0.000 0.000
7                          0     21 0 0.793 0.207 0.000 0.000 0.000 0.000
8                          0     22 0 0.645 0.354 0.000 0.000 0.000 0.000
9                          0     23 0 0.461 0.538 0.000 0.000 0.000 0.000
10                         0     24 0 0.288 0.712 0.000 0.000 0.000 0.000
11                         0     25 0 0.163 0.837 0.000 0.000 0.000 0.000
12                         0     26 0 0.089 0.911 0.000 0.000 0.000 0.000
13                         0     27 0 0.049 0.951 0.000 0.000 0.000 0.000
14                         0     28 0 0.028 0.972 0.001 0.000 0.000 0.000
15                         0     29 0 0.016 0.982 0.001 0.000 0.000 0.000
16                         0     30 0 0.010 0.987 0.003 0.000 0.000 0.000
17                         0     31 0 0.006 0.988 0.005 0.000 0.000 0.000
18                         0     32 0 0.004 0.987 0.009 0.000 0.000 0.000
19                         0     33 0 0.003 0.983 0.013 0.000 0.000 0.000
20                         0     34 0 0.002 0.979 0.019 0.000 0.000 0.000
21                         0     35 0 0.002 0.974 0.025 0.000 0.000 0.000
22                         0     36 0 0.001 0.968 0.030 0.000 0.000 0.000
23                         0     37 0 0.001 0.963 0.036 0.001 0.000 0.000
24                         0     38 0 0.001 0.957 0.042 0.001 0.000 0.000
25                         0     39 0 0.001 0.950 0.048 0.001 0.000 0.000
26                         0     40 0 0.000 0.941 0.056 0.001 0.000 0.001
27                         0     41 0 0.000 0.929 0.068 0.002 0.000 0.001
28                         0     42 0 0.000 0.913 0.083 0.003 0.000 0.001
29                         0     43 0 0.000 0.889 0.104 0.006 0.000 0.001
30                         0     44 0 0.000 0.855 0.133 0.010 0.000 0.001
31                         0     45 0 0.000 0.806 0.174 0.017 0.000 0.002
32                         0     46 0 0.000 0.736 0.230 0.030 0.000 0.002
33                         0     47 0 0.000 0.640 0.303 0.053 0.000 0.003
34                         0     48 0 0.000 0.517 0.387 0.090 0.001 0.005
35                         0     49 0 0.000 0.378 0.472 0.142 0.001 0.006
36                         0     50 0 0.000 0.245 0.538 0.207 0.002 0.008
37                         0     51 0 0.000 0.142 0.569 0.276 0.003 0.010
38                         0     52 0 0.000 0.075 0.568 0.341 0.004 0.011
39                         0     53 0 0.000 0.037 0.544 0.401 0.005 0.013
40                         0     54 0 0.000 0.017 0.508 0.454 0.007 0.014
41                         0     55 0 0.000 0.008 0.466 0.502 0.009 0.016
42                         0     56 0 0.000 0.003 0.424 0.544 0.011 0.017
43                         0     57 0 0.000 0.002 0.383 0.583 0.014 0.020
44                         0     58 0 0.000 0.001 0.343 0.617 0.017 0.022
45                         0     59 0 0.000 0.000 0.306 0.648 0.021 0.025
46                         0     60 0 0.000 0.000 0.271 0.674 0.026 0.029
47                         0     61 0 0.000 0.000 0.238 0.696 0.032 0.034
48                         0     62 0 0.000 0.000 0.207 0.714 0.039 0.040
49                         0     63 0 0.000 0.000 0.180 0.726 0.047 0.048
50                         0     64 0 0.000 0.000 0.154 0.733 0.056 0.057
51                         0     65 0 0.000 0.000 0.132 0.733 0.067 0.068
52                         0     66 0 0.000 0.000 0.111 0.727 0.079 0.082
53                         0     67 0 0.000 0.000 0.093 0.714 0.093 0.100
54                         0     68 0 0.000 0.000 0.077 0.694 0.108 0.120
55                         0     69 0 0.000 0.000 0.063 0.667 0.125 0.145
56                         0     70 0 0.000 0.000 0.051 0.632 0.142 0.175
57                         0     71 0 0.000 0.000 0.040 0.590 0.160 0.209
58                         0     72 0 0.000 0.000 0.032 0.543 0.178 0.248
59                         0     73 0 0.000 0.000 0.024 0.491 0.194 0.291
60                         0     74 0 0.000 0.000 0.019 0.437 0.208 0.337
61                         0     75 0 0.000 0.000 0.014 0.383 0.218 0.384
62                         0     76 0 0.000 0.000 0.010 0.332 0.225 0.433
63                         0     77 0 0.000 0.000 0.008 0.284 0.228 0.481
64                         0     78 0 0.000 0.000 0.006 0.240 0.227 0.528
65                         0     79 0 0.000 0.000 0.004 0.202 0.222 0.572
66                         0     80 0 0.000 0.000 0.003 0.170 0.214 0.613
67                         0     81 0 0.000 0.000 0.002 0.143 0.204 0.651
68                         0     82 0 0.000 0.000 0.002 0.120 0.192 0.686
69                         0     83 0 0.000 0.000 0.001 0.102 0.179 0.718
70                         0     84 0 0.000 0.000 0.001 0.087 0.165 0.747
71                         0     85 0 0.000 0.000 0.001 0.074 0.152 0.773
72                         0     86 0 0.000 0.000 0.001 0.064 0.138 0.797
73                         0     87 0 0.000 0.000 0.000 0.055 0.126 0.819
74                         0     88 0 0.000 0.000 0.000 0.047 0.114 0.839
75                         0     89 0 0.000 0.000 0.000 0.041 0.102 0.857
76                         0     90 0 0.000 0.000 0.000 0.035 0.092 0.873


