tt
[,1]   [,2]
       -1.225 60.733
lonLat  4.900 58.030


tmp
     Quarter Country Year Month Day HaulDur StatRec DataType                   haul.id    lon    lat
6226       1     SCO 2018     1  27      18    50E8        R 2018:1:SCO:SCO3:GOV:23:23 -1.225 60.733
     Roundfish  originalIdAtThisLocation
6226         1 2018:1:SCO:SCO3:GOV:23:23



ALK 
                         ID Length 0     1     2     3     4     5     6
1  2018:1:DEN:DAN2:GOV:172:46     15 0 1.000 0.000 0.000 0.000 0.000 0.000
2                           0     16 0 1.000 0.000 0.000 0.000 0.000 0.000
3                           0     17 0 1.000 0.000 0.000 0.000 0.000 0.000
4                           0     18 0 0.999 0.000 0.000 0.000 0.000 0.000
5                           0     19 0 0.999 0.000 0.000 0.000 0.000 0.000
6                           0     20 0 0.998 0.001 0.000 0.001 0.000 0.000
7                           0     21 0 0.997 0.001 0.000 0.001 0.000 0.000
8                           0     22 0 0.995 0.003 0.000 0.002 0.001 0.000
9                           0     23 0 0.990 0.007 0.000 0.003 0.001 0.000
10                          0     24 0 0.980 0.014 0.001 0.004 0.001 0.000
11                          0     25 0 0.961 0.028 0.002 0.007 0.001 0.000
12                          0     26 0 0.924 0.055 0.008 0.011 0.002 0.000
13                          0     27 0 0.856 0.096 0.028 0.017 0.002 0.000
14                          0     28 0 0.737 0.149 0.088 0.024 0.002 0.000
15                          0     29 0 0.552 0.191 0.226 0.030 0.002 0.000
16                          0     30 0 0.336 0.189 0.444 0.029 0.002 0.000
17                          0     31 0 0.169 0.149 0.657 0.024 0.001 0.000
18                          0     32 0 0.079 0.105 0.798 0.018 0.001 0.000
19                          0     33 0 0.038 0.074 0.874 0.014 0.000 0.000
20                          0     34 0 0.020 0.054 0.913 0.012 0.000 0.000
21                          0     35 0 0.012 0.042 0.935 0.011 0.000 0.000
22                          0     36 0 0.007 0.035 0.947 0.011 0.000 0.000
23                          0     37 0 0.005 0.029 0.953 0.012 0.000 0.000
24                          0     38 0 0.004 0.025 0.957 0.014 0.000 0.000
25                          0     39 0 0.003 0.022 0.959 0.016 0.000 0.000
26                          0     40 0 0.000 0.018 0.958 0.020 0.000 0.003
27                          0     41 0 0.000 0.015 0.956 0.026 0.000 0.002
28                          0     42 0 0.000 0.012 0.952 0.034 0.000 0.002
29                          0     43 0 0.000 0.009 0.945 0.044 0.000 0.002
30                          0     44 0 0.000 0.007 0.933 0.058 0.000 0.002
31                          0     45 0 0.000 0.005 0.917 0.076 0.000 0.002
32                          0     46 0 0.000 0.003 0.895 0.099 0.001 0.002
33                          0     47 0 0.000 0.002 0.867 0.128 0.001 0.002
34                          0     48 0 0.000 0.001 0.834 0.162 0.001 0.002
35                          0     49 0 0.000 0.001 0.795 0.201 0.001 0.002
36                          0     50 0 0.000 0.000 0.753 0.243 0.001 0.002
37                          0     51 0 0.000 0.000 0.708 0.287 0.002 0.002
38                          0     52 0 0.000 0.000 0.662 0.333 0.002 0.003
39                          0     53 0 0.000 0.000 0.615 0.380 0.003 0.003
40                          0     54 0 0.000 0.000 0.568 0.425 0.004 0.003
41                          0     55 0 0.000 0.000 0.522 0.470 0.005 0.003
42                          0     56 0 0.000 0.000 0.477 0.513 0.006 0.004
43                          0     57 0 0.000 0.000 0.434 0.554 0.008 0.004
44                          0     58 0 0.000 0.000 0.393 0.592 0.010 0.005
45                          0     59 0 0.000 0.000 0.354 0.628 0.012 0.006
46                          0     60 0 0.000 0.000 0.317 0.661 0.015 0.007
47                          0     61 0 0.000 0.000 0.282 0.692 0.018 0.008
48                          0     62 0 0.000 0.000 0.249 0.718 0.023 0.010
49                          0     63 0 0.000 0.000 0.219 0.742 0.028 0.012
50                          0     64 0 0.000 0.000 0.191 0.761 0.034 0.014
51                          0     65 0 0.000 0.000 0.166 0.775 0.041 0.017
52                          0     66 0 0.000 0.000 0.143 0.786 0.050 0.021
53                          0     67 0 0.000 0.000 0.123 0.791 0.060 0.026
54                          0     68 0 0.000 0.000 0.105 0.791 0.072 0.033
55                          0     69 0 0.000 0.000 0.088 0.785 0.086 0.041
56                          0     70 0 0.000 0.000 0.074 0.773 0.102 0.051
57                          0     71 0 0.000 0.000 0.062 0.755 0.120 0.064
58                          0     72 0 0.000 0.000 0.051 0.730 0.140 0.079
59                          0     73 0 0.000 0.000 0.041 0.699 0.161 0.098
60                          0     74 0 0.000 0.000 0.034 0.662 0.184 0.121
61                          0     75 0 0.000 0.000 0.027 0.619 0.206 0.148
62                          0     76 0 0.000 0.000 0.021 0.573 0.227 0.178
63                          0     77 0 0.000 0.000 0.017 0.525 0.246 0.212
64                          0     78 0 0.000 0.000 0.013 0.476 0.262 0.248
65                          0     79 0 0.000 0.000 0.010 0.428 0.274 0.287
66                          0     80 0 0.000 0.000 0.008 0.383 0.281 0.328
67                          0     81 0 0.000 0.000 0.006 0.341 0.284 0.369
68                          0     82 0 0.000 0.000 0.005 0.303 0.282 0.411
69                          0     83 0 0.000 0.000 0.004 0.269 0.276 0.451
70                          0     84 0 0.000 0.000 0.003 0.240 0.267 0.491
71                          0     85 0 0.000 0.000 0.002 0.214 0.255 0.529
72                          0     86 0 0.000 0.000 0.002 0.191 0.241 0.566
73                          0     87 0 0.000 0.000 0.001 0.170 0.227 0.602
74                          0     88 0 0.000 0.000 0.001 0.151 0.212 0.636
75                          0     89 0 0.000 0.000 0.001 0.134 0.196 0.669
76                          0     90 0 0.000 0.000 0.001 0.119 0.181 0.699