cpueModel
     cpueEst bootstrapMean         lQ        uQ        sd
1  0.0000000     0.0000000  0.0000000  0.000000 0.0000000
2  0.7038981     0.9241172  0.3541395  1.845300 0.3989824
3 22.1133335    22.2416463 14.5313647 30.395820 4.2098098
4 10.9945759    11.7981509  8.3829261 15.741296 1.9395049
5  3.5009669     3.6418886  2.0245368  5.796794 0.9674972
6  1.1987006     1.3272843  0.5398568  2.486650 0.5093312
7  1.2147135     1.3789268  0.6488321  2.285796 0.4284739
> cpueNew
     cpueEst bootstrapMean         lQ         uQ        sd
1  0.0000000     0.0000000  0.0000000  0.0000000 0.0000000
2  0.5901961     0.6308471  0.3235294  0.9333333 0.1584432
3 22.2332338    22.5529862 14.8671275 30.0427474 4.2330926
4 10.5802666    11.5324327  9.2146255 13.8965629 1.2286142
5  3.6558254     3.7395724  2.7970488  4.6590067 0.5369498
6  1.2666667     1.4477086  0.6444444  2.2222222 0.4167126
7  1.4000000     1.7009556  0.7555556  2.6444444 0.5206345
> cpueStratified
    cpueEst bootstrapMean         lQ        uQ        sd
1  0.000000     0.0000000  0.0000000  0.000000 0.0000000
2  0.764415     0.8283843  0.4050423  1.307302 0.2268059
3 21.989455    22.5759547 14.9560207 30.130561 4.3422410
4 11.284544    11.8779501  9.6131644 14.470158 1.2696310
5  3.265222     3.4438928  2.3288964  4.616802 0.5992178
6  1.146567     1.2631934  0.6366148  1.958714 0.3533310
7  1.275986     1.4723128  0.7345495  2.299033 0.4006317
> cpueDatras
    cpueEst bootstrapMean         lQ        uQ        sd
1  0.000000     0.0000000  0.0000000  0.000000 0.0000000
2  0.764415     0.7184286  0.3008156  1.292737 0.2527307
3 21.989455    22.3991437 12.6725858 38.274064 6.7757230
4 11.284544    10.3848659  6.6612438 15.105577 2.1966197
5  3.265222     2.6652444  1.5533840  4.339221 0.6871900
6  1.146567     0.9585477  0.4236718  1.810006 0.3443765
7  1.275986     0.9991595  0.3868884  1.838580 0.3764089